 Usu rio: MARCOS              
 MFB MATERIAL DE CONSTRUCAO LTDA                                                                                    Pagina: 00001
 **** COMISSAO DO GRUPO A ******                                                                                    Data: 11/04/97

 PERIODO DE ...:   01/03/97
 ATE ..........: 31/03/97

 ---------------------------------------------------------------------------------------------------------------------------------
 INCLUSAO VENDEDOR - 1 VENDEDOR - 2 VENDEDOR - 3 VENDEDOR - 4                  COMISSAO - 1 COMISSAO - 3 COMISSAO - 3 COMISSAO - 4
 ---------------------------------------------------------------------------------------------------------------------------------
 01/03/97       984.90       171.80       451.20       287.80                         14.77         2.58         6.77         4.32
 03/03/97     2,466.20       738.20       797.20     1,974.70                         36.99        11.07        11.96        29.62
 04/03/97       996.75       634.30       691.20       357.80                         14.95         9.51        10.37         5.37
 05/03/97     3,679.60     1,126.30       848.10       250.90                         55.19        16.89        12.72         3.76
 06/03/97     3,876.15     2,468.90       495.10       887.20                         58.14        37.03         7.43        13.31
 07/03/97     3,182.60       976.90       513.20       419.80                         47.74        14.65         7.70         6.30
 08/03/97     1,998.20     1,042.20        55.40       934.20                         29.97        15.63         0.83        14.01
 10/03/97     5,615.50       718.30     1,228.85       808.30                         84.23        10.77        18.43        12.12
 11/03/97     2,641.35       320.80       653.80       592.50                         39.62         4.81         9.81         8.89
 12/03/97     1,717.50       552.80       560.10     1,420.40                         25.76         8.29         8.40        21.31
 13/03/97     2,716.35       588.40       406.90       667.40                         40.75         8.83         6.10        10.01
 14/03/97     1,001.30     1,151.40       861.50       651.95                         15.02        17.27        12.92         9.78
 15/03/97     1,598.90       150.70       177.30       395.10                         23.98         2.26         2.66         5.93
 17/03/97     2,618.70       783.80       422.70     1,352.30                         39.28        11.76         6.34        20.28
 18/03/97     1,616.80       701.00       222.80       712.70                         24.25        10.52         3.34        10.69
 19/03/97     2,359.70       682.90       511.75     1,151.50                         35.40        10.24         7.68        17.27
 20/03/97     1,446.20     2,345.60       444.00     1,141.00                         21.69        35.18         6.66        17.12
 21/03/97     2,017.25        49.80       270.20     1,810.80                         30.26         0.75         4.05        27.16
 22/03/97     1,187.80       646.40       379.60       812.10                         17.82         9.70         5.69        12.18
 24/03/97     1,583.35       585.10       650.90       956.00                         23.75         8.78         9.76        14.34
 25/03/97     1,457.65     2,215.80       245.30       464.80                         21.86        33.24         3.68         6.97
 26/03/97     1,131.60       170.00       931.20       545.20                         16.97         2.55        13.97         8.18
 27/03/97     1,104.20       410.60       230.45       672.20                         16.56         6.16         3.46        10.08
 29/03/97       390.30       167.50       146.60       584.60                          5.85         2.51         2.20         8.77
 31/03/97     5,120.20       884.50       384.00       955.10                         76.80        13.27         5.76        14.33












 ---------------------------------------------------------------------------------------------------------------------------------

 T-O-T-A-L
 --------< VENDEDORES >--------         --------< COMISSOES >---------    -< Observacoes >-------------------------------------
 LOURILDO...:         54,509.05         COMISSAO - 01 :         817.64    